        matrixN        thredsN      ribbon,ms       block,ms     ribbonP,ms      blockP,ms
------------------------------------------------------------------------------------------------------------------------
            300              1              0              0              0              1
            300              2              0              0              0              3
            300              3              0              0              0              1
            300              4              0              0              0              3
            300              5              0              0              0              1
            300              6              0              0              0              0
            300              7              0              0              0              3
            300              8              0              0              1              1
            300              9              0              0              0              1
------------------------------------------------------------------------------------------------------------------------
            350              1              0              1              1              1
            350              2              0              1              0              2
            350              3              0              1              0              2
            350              4              0              1              0              3
            350              5              0              1              0              0
            350              6              0              1              0              3
            350              7              0              1              0              0
            350              8              0              1              0              0
            350              9              0              1              0              0
------------------------------------------------------------------------------------------------------------------------
            400              1              1              1              1              2
            400              2              1              1              0              2
            400              3              1              1              0              3
            400              4              1              1              0              1
            400              5              1              1              0              1
            400              6              1              1              0              3
            400              7              1              1              0              3
            400              8              1              1              1              4
            400              9              1              1              0              0
------------------------------------------------------------------------------------------------------------------------
            450              1              1              2              2              2
            450              2              1              2              1              4
            450              3              1              2              0              3
            450              4              1              2              0              3
            450              5              1              2              0              3
            450              6              1              2              0              3
            450              7              1              2              0              1
            450              8              1              2              0              3
            450              9              1              2              0              3
------------------------------------------------------------------------------------------------------------------------
            500              1              2              2              2              3
            500              2              2              2              1              4
            500              3              2              2              0              5
            500              4              1              2              0              2
            500              5              2              2              0              3
            500              6              2              2              0              1
            500              7              2              2              0              3
            500              8              2              2              0              1
            500              9              1              2              0              1
------------------------------------------------------------------------------------------------------------------------
            550              1              2              3              3              4
            550              2              2              3              1              4
            550              3              2              3              1              5
            550              4              2              3              0              1
            550              5              2              3              0              3
            550              6              2              3              1              1
            550              7              2              3              1              1
            550              8              2              3              0              1
            550              9              2              3              0              1
------------------------------------------------------------------------------------------------------------------------
            600              1              2              3              3              4
            600              2              2              3              1              4
            600              3              2              3              1              5
            600              4              2              3              1              3
            600              5              2              3              1              1
            600              6              2              3              1              3
            600              7              2              3              1              2
            600              8              2              3              1              4
            600              9              2              3              1              3
------------------------------------------------------------------------------------------------------------------------
            650              1              3              4              4              5
            650              2              3              4              2              5
            650              3              3              4              1              6
            650              4              3              4              1              1
            650              5              3              4              1              4
            650              6              3              4              1              2
            650              7              3              4              1              2
            650              8              3              4              1              4
            650              9              3              4              1              1
------------------------------------------------------------------------------------------------------------------------
            700              1              3              4              5              6
            700              2              3              4              2              6
            700              3              3              4              1              7
            700              4              3              4              1              4
            700              5              3              4              1              5
            700              6              3              4              1              4
            700              7              3              4              1              2
            700              8              3              4              1              4
            700              9              3              4              1              1
------------------------------------------------------------------------------------------------------------------------
            750              1              4              5              5              8
            750              2              4              5              2              7
            750              3              4              5              2              8
            750              4              4              5              1              4
            750              5              4              5              1              4
            750              6              4              5              1              3
            750              7              4              5              1              5
            750              8              4              5              1              5
            750              9              4              5              2              4
------------------------------------------------------------------------------------------------------------------------
            800              1              5              6              6              8
            800              2              5              6              3              8
            800              3              5              6              2              9
            800              4              5              6              1              5
            800              5              5              6              1              4
            800              6              5              6              2              5
            800              7              5              6              2              3
            800              8              5              6              1              3
            800              9              5              6              2              2
------------------------------------------------------------------------------------------------------------------------
            850              1              5              7              7              9
            850              2              5              7              3              9
            850              3              5              7              2             10
            850              4              5              7              2              4
            850              5              5              7              2              4
            850              6              5              7              2              4
            850              7              5              7              1              5
            850              8              5              7              2              5
            850              9              5              7              2              2
------------------------------------------------------------------------------------------------------------------------
            900              1              6              8              8             10
            900              2              6              8              4             10
            900              3              6              8              3             10
            900              4              6              8              2              5
            900              5              6              8              1              5
            900              6              6              8              1              5
            900              7              6              8              1              5
            900              8              6              8              3              6
            900              9              6              8              2              2
------------------------------------------------------------------------------------------------------------------------
            950              1              7              9              9             11
            950              2              7              9              4             11
            950              3              7              9              3             13
            950              4              7              9              2              6
            950              5              7              9              2              4
            950              6              7              9              1              4
            950              7              7              9              1              5
            950              8              7              9              3              6
            950              9              7              9              2              3
------------------------------------------------------------------------------------------------------------------------
           1000              1              8             10             10             13
           1000              2              8             10              5             13
           1000              3              8             10              3             14
           1000              4              8             10              2              6
           1000              5              8             10              2              6
           1000              6              8             10              2              6
           1000              7              8             10              1              5
           1000              8              8             10              1              6
           1000              9              8             10              2              3
