        thredsN        matrixN         row,ms         col,ms       block,ms       row P,ms       col P,ms     block P,ms
------------------------------------------------------------------------------------------------------------------------
              1             10              2              2              2              5              0              4
              1             60             24             23             31             31              0             38
              1            110             81             79             98            109              0            127
              1            160            168            170            222            210              0            266
              1            210            288            302            353            364              0            454
              1            260            445            455            547            550              0            701
              1            310            622            655            774            781              0            993
              1            360            854            892           1042           1062              0           1330
              1            410           1098           1509           1346           1378              0           1731
              1            460           1385           2010           1685           1728              0           2177
              1            510           2482           2468           2524           2427              0           2701
------------------------------------------------------------------------------------------------------------------------
              5             10              2              2              2             60              0             13
              5             60             25             24             29             19              0             14
              5            110             80             86             98             93              0             42
              5            160            168            170            207            127              0             77
              5            210            289            304            354            182              0            106
              5            260            444            455            546            265              0            148
              5            310            632            650            775            338              0            208
              5            360            849            914           1041            458              0            272
              5            410           1107           1526           1349            551              0            361
              5            460           1380           2004           1688            722              0            451
              5            510           2478           2469           2523            890              0            559
------------------------------------------------------------------------------------------------------------------------
              9             10              2             12              2            309              0            114
              9             60             36             34             42             99              0            107
              9            110             81             79             98            103              0            121
              9            160            208            177            205            193              0            158
              9            210            297            288            359            281              0            176
              9            260            446            453            548            343              0            344
              9            310            635            634            774            400              0            310
              9            360            858            924           1031            539              0            484
              9            410           1106           1516           1362            680              0            613
              9            460           1387           2014           1695            837              0            577
              9            510           2492           2451           2530            999              0            710
